11111111111111111111111111111111111111111111111111111111111111111111111
10000000000000000000000000000000000000000000000000000000000000000000001
10000b00000000000000000000000000000000000000000000000000000000000000001
1000P000000000000000000000000000000000000000000000000000000000000000001
10000000000000000000000000000000000000000000000000000000000000000000001
10000000000000000000000000000000000000000000000000000000000000000000001
10000000000000000000000000000000000000000000000000000000000000000000001
10000000000000000000000000000000000000000000000000000000000000000000001
10000000000000000000000000000000000000000000000000000000000000000000001
10000000000000000000000000000000000000000000000000000000000000000000001
10000000000000000001000000000000000000000000000000100000000000000000001
10000000000000000001000000000000000000000000000000100000000000000000001
10000000000000000001000000000000000000000000000000100000000000000000001
10000000000000000001000000000000000000000000000000100000000000000000001
10000000000011111111111111111110000000000001111111111111111111000000001
10000000000000000001000000000000000000000000000000100000000000000000001
10000000000000000001000000000000000000000000000000100000000000000000001
10000000000000000001000000000000000000000000000000100000000000000000001
10000000000000000001000000000000000000000000000000100000000000000000001
10000000000000000001000000000000000000000000000000100000000000000000001
1000000000b000000000000000000000000000000000000000000000000000000000001
10000000000000000000000000000000000000000000000000000000000000000000001
100000000000000000000000b0000000000000000000000000000000000000000000001
10000000000000000000000000000000000000000000000000000000000000000000001
10000000000000000000000000000b00000000000000000000000000000000000000001
10000000000000000000000000000000000000000000000000000000000000000000001
10000000000000000001000000000000000000000000000000100000000000000000001
10000000000000000001000000000000000000000000000000100000000000000000001
10000000000000000001000000000000000000000000000000100000000000000000001
10000000000000000001000000000000000000000000000000100000000000000000001
10000000000011111111111111111110000000000001111111111111111111000000001
10000000000000000001000000000000000000000000000000100000000000000000001
10000000000000000001000000000000000000000000000000100000000000000000001
10000000000000000001000000000000000000000000000000100000000000000000001
10000000000000000001000000000000000000000000000000100000000000000000001
10000000000000000001000000000000000000000000000000100000000000000000001
10000000000000000000000000000000000000000000000000000000000000000000001
10000000000000000000000000000000000000000000000000000000000000000000001
10000000000000000000000000000000000000000000000000000000000000000000001
10000000000000000000000000000000000000000000000000000000000000000000001
10000000000000000000000000000000000000000000000000000000000000000000001
10000000000000000000000000000000000000000000000000000000000000000000001
10000000000000000000000000000000000000000000000000000000000000000000001
11111111111111111111111111111111111111111111111111111111111111111111111